30
6
5 2 4 6 3 1
6
2 4 8 16 32 64
3
1 1 1
3
200000 200000 200000
200
168400 16000 24800 100800 152400 159600 24400 164000 24839 2360 3658 14868 22479 23541 3599 24190 181451 17240 26722 108612 164211 171969 26291 176710 175978 16720 25916 105336 159258 166782 25498 171380 156191 14840 23002 93492 141351 148029 22631 152110 155349 14760 22878 92988 140589 147231 22509 151290 7999 760 1178 4788 7239 7581 1159 7790 179767 17080 26474 107604 162687 170373 26047 175070 400 59 431 418 371 369 19 427 421 40 62 252 381 399 61 410 34008 47494 16772 62732 87923 120776 40227 136102 123099 165016 77931 139030 115163 39312 36764 65366 89693 191717 188738 8339 96522 24767 64407 193992 168766 144158 155657 47415 33734 78637 78456 139360 1469 118498 96095 10627 149439 192256 135464 35601 113438 50341 181324 199013 7737 98065 70794 25457 167895 78346 162916 105568 155725 36585 30410 34253 193009 27812 175343 69848 149573 116335 61784 171993 179158 85481 68739 172231 20291 15155 27849 155860 140547 103461 137399 153687 108203 105753 178137 178931 163639 181649 6890 59025 24371 77398 73063 92349 170786 4583 111955 191440 150756 158513 70779 70696 55543 7967 134795 132230 105662 138618 180 151642 99403 117112 140054 118835 104635 180798 137165 61663 104861 166619 191591 192343 197140 61317 8023 147587
200
41740 44844 117354 41752 128467 137901 35549 39944 102341 152072 169846 100782 21218 58141 124206 12482 2835 136871 150707 137869 124619 102003 178911 125920 130992 17649 4018 197985 152059 184240 150102 51359 66798 9404 85553 106305 85941 69978 20059 103638 119204 124522 63151 25193 74347 110566 36723 144932 43164 145500 96235 176077 30212 32320 137578 172496 12554 89498 157244 120186 33698 83244 119758 38246 142148 79838 96173 196370 61228 266 60818 8494 96399 43926 46559 96207 172948 67673 2273 168886 58980 48124 124559 7380 164666 64440 108219 174966 14756 104496 79207 183023 143298 55339 171464 19159 146003 190669 160976 199907 77018 19081 185388 79471 64692 86277 74380 159215 175492 98220 144489 195787 151596 1002 143875 25997 161495 125073 111553 76825 150107 154883 93986 95947 118752 17719 169640 167739 143535 131823 80474 22471 22523 114861 17224 77785 78450 53727 129568 50243 74187 145221 18298 1368 108279 115923 70344 84668 144041 92867 126809 30551 59190 117004 80893 44042 99955 29881 86663 13177 155795 48467 121136 167919 151448 194056 131975 165448 147763 54339 186205 23302 4474 31045 141763 162435 60082 86783 54189 13760 98843 180400 80611 76818 108580 86249 125544 51167 178733 186135 118248 30238 14506 135560 198290 195948 43967 94914 106741 137349
200
630 6510 9093 7392 2457 5397 6573 8736 7518 7770 3192 10260 106020 148086 120384 40014 87894 107046 142272 122436 126540 51984 3990 41230 57589 46816 15561 34181 41629 55328 47614 49210 20216 1680 17360 24248 19712 6552 14392 17528 23296 20048 20720 8512 3930 40610 56723 46112 15327 33667 41003 54496 46898 48470 19912 10050 103850 145055 117920 39195 86095 104855 139360 119930 123950 50920 7590 78430 109549 89056 29601 65021 79189 105248 90574 93610 38456 8130 84010 117343 95392 31707 69647 84823 112736 97018 100270 41192 11220 115940 161942 131648 43758 96118 117062 155584 133892 138380 56848 10860 112220 156746 127424 42354 93034 113306 150592 129596 133940 55024 7470 77190 107817 87648 29133 63993 77937 103584 89142 92130 37848 21 342 133 56 131 335 253 271 374 362 249 30 310 433 352 117 257 313 416 358 370 152 167975 112277 169385 35610 66789 83949 148540 68482 139315 170773 89249 151114 36197 163638 115935 102801 34807 198309 136589 105256 131332 42021 16602 164512 102760 121305 159472 36486 187661 31675 45044 32920 133142 4313 99407 194155 99822 122898 56195 180522 53225 5451 97147 84205 18882 18857 137648 23921 166329 1373 196281 11410 177733 60214 167872 32198 179779
200
131073 65537 65537 131073 131073 65537 131073 65537 65537 131073 65537 131073 131073 65537 131073 65537 131073 131073 65537 131073 131073 65537 131073 131073 65537 131073 65537 131073 65537 131073 131073 65537 131073 65537 65537 131073 65537 131073 131073 65537 131073 65537 65537 131073 65537 131073 131073 65537 65537 65537 131073 65537 131073 65537 131073 131073 65537 131073 65537 65537 131073 131073 65537 131073 65537 131073 65537 131073 131073 131073 131073 65537 65537 65537 131073 131073 131073 65537 131073 65537 65537 65537 65537 131073 131073 65537 65537 131073 131073 65537 65537 65537 65537 65537 65537 131073 131073 65537 131073 131073 65537 65537 65537 65537 65537 65537 131073 131073 65537 131073 131073 131073 131073 65537 131073 131073 65537 131073 131073 131073 65537 65537 65537 131073 65537 131073 65537 131073 65537 131073 131073 131073 131073 65537 65537 65537 65537 131073 131073 131073 131073 65537 131073 131073 131073 131073 131073 131073 65537 131073 65537 65537 65537 65537 131073 65537 131073 131073 65537 131073 65537 131073 65537 65537 131073 65537 131073 131073 65537 131073 131073 131073 131073 131073 131073 131073 65537 65537 131073 65537 131073 65537 131073 65537 65537 131073 65537 131073 131073 65537 65537 65537 65537 65537 65537 131073 131073 65537 131073 131073
200
133776 150381 158999 9672 198529 29659 20794 182842 188107 150061 129418 54880 63462 21897 54325 103801 127194 175277 74177 108484 166337 23426 75776 95894 130552 34280 163970 33575 91310 69382 89983 173966 86243 86565 56454 154300 107009 195024 109888 83847 24650 185452 173735 25056 46320 4281 61457 39643 195369 36402 150860 84435 43066 67265 170013 164770 56901 95861 64688 47367 2786 153169 143097 82922 111153 183624 153889 158092 104641 142795 70004 110171 158758 172838 96183 100841 50344 5369 188986 99842 168292 92518 142663 952 143046 154056 66752 68921 34339 173960 158382 28099 77548 5202 8045 71111 73021 197802 44686 71867 138889 26800 32030 27950 123529 161581 1087 108997 126836 99222 121400 199786 73945 106592 34352 51029 19141 29103 134559 149772 28 62206 161637 48457 198341 8097 135737 10475 181856 26360 55053 157297 167728 198490 121780 165253 199309 175674 109335 159929 192157 199084 159641 146988 142544 139557 98584 97307 38471 174517 126341 112440 109337 122575 18665 95468 61609 188824 18071 118337 155138 119813 104429 86447 144526 76380 97244 34134 137744 190179 144095 130467 116323 97194 47237 165391 57113 55602 35917 182252 30999 58440 171389 193144 125103 72281 170395 23257 27251 32197 190334 178853 95721 56846 178913 96214 33310 172319 87966 30393
3
65537 65537 131073
200
0 0 0 0 0 0 0 0 0 0 0 0 0 0 0 0 0 0 0 0 0 0 0 0 0 0 0 0 0 0 0 0 0 0 0 0 0 0 0 0 0 0 0 0 0 0 0 0 0 0 0 0 0 0 0 0 0 0 0 0 0 0 0 0 0 0 0 0 0 0 0 0 0 0 0 0 0 0 0 0 0 0 0 0 0 0 0 0 0 0 0 0 0 0 0 0 0 0 0 0 106202 184214 79966 79768 39283 110831 182344 104990 151788 196600 106290 127858 110766 114273 142446 172828 5723 52154 38993 102750 16962 87450 51295 84561 87215 47256 84186 139383 29192 23971 170335 47887 144758 98615 177444 193348 22849 178098 890 80544 120135 54804 175141 172085 109510 13978 121780 84658 33767 54560 46779 29411 24049 45501 63051 8223 122683 21033 125982 81812 2954 120421 54183 4208 37855 107194 71928 401 187090 145820 110964 51541 98897 124764 87550 133352 112042 84067 154528 69971 79568 188232 187482 40575 140836 91206 22996 49414 94641 165984 126632 185658 141227 93397 35977 74495 19440 79461 177184 134762
200
59850 46025 76825 38500 2625 1400 34125 9975 525 22575 72100 39550 42875 72846 56019 93507 46860 3195 1704 41535 12141 639 27477 87756 48138 52185 57456 44184 73752 36960 2520 1344 32760 9576 504 21672 69216 37968 41160 52668 40502 67606 33880 2310 1232 30030 8778 462 19866 63448 34804 37730 42066 32349 53997 27060 1845 984 23985 7011 369 15867 50676 27798 30135 133038 102307 170771 85580 5835 3112 75855 22173 1167 50181 160268 87914 95305 18468 14202 23706 11880 810 432 10530 3078 162 6966 22248 12204 13230 74556 57334 95702 47960 3270 1744 42510 12426 654 28122 89816 49268 53410 6156 4734 7902 3960 270 144 3510 1026 54 2322 7416 4068 4410 97812 75218 125554 62920 4290 2288 55770 16302 858 36894 117832 64636 70070 95760 73640 122920 61600 4200 2240 54600 15960 840 36120 115360 63280 68600 20520 15780 26340 13200 900 480 11700 3420 180 7740 24720 13560 14700 41040 31560 52680 26400 1800 960 23400 6840 360 15480 49440 27120 29400 175 213 168 154 123 389 54 218 18 286 280 60 120 342 263 439 220 15 8 195 57 3 129 412 226 245 35795 36925 67363 160640 79358
200
2536 1592 1328 2024 80 2352 512 2248 2219 1393 1162 1771 70 2058 448 1967 66887 41989 35026 53383 2110 62034 13504 59291 1585 995 830 1265 50 1470 320 1405 28213 17711 14774 22517 890 26166 5696 25009 5706 3582 2988 4554 180 5292 1152 5058 12363 7761 6474 9867 390 11466 2496 10959 140748 88356 73704 112332 4440 130536 28416 124764 8 7 211 5 89 18 39 444 317 199 166 253 10 294 64 281 152159 23421 42406 143851 17797 119777 181025 103977 1773 104415 187008 19327 95691 141980 12959 92030 77487 104765 120875 130620 28178 13473 90940 34452 188719 104574 9387 198735 191561 61588 90547 95875 32849 122419 35828 120335 8830 11746 96790 195773 19314 125637 55881 2973 52108 29933 112132 106443 93286 109516 141247 14190 153257 9648 2799 185366 167285 76377 148344 104714 121020 28170 19928 78323 33559 192454 60473 19803 16601 173398 63336 72914 137236 94535 196412 25641 180718 16652 108262 80148 83580 73933 41254 189666 82330 42563 101604 110570 81083 121092 59379 69443 101963 6322 70604 133102 140842 113087 151883 19939 99485 166915 109942 176676 40529 98924 178318 157941 147037 153842 118034 117521 43681 168468 137778 30031 12236 199099 68680 70176
200
46625 73237 196818 158590 46361 86873 58475 63953 48277 138044 194130 98722 41075 18438 64427 166967 82454 125132 90487 12693 141837 21487 165703 9543 89719 150943 32431 8376 16837 106040 18344 154052 74796 23530 174628 69126 78460 125690 51309 16519 172700 52881 107703 75925 66508 2093 68153 173798 144355 109541 56648 197077 198833 80228 12650 85488 117181 5344 186841 104611 48201 123365 83862 151317 43625 153657 162727 140789 160677 23156 28714 180736 127887 47313 61319 156794 175181 7409 39068 189035 170823 146112 67396 20500 19200 20476 34322 86981 162265 80135 86870 144766 122499 118786 18538 15640 112249 128942 144539 98041 59701 132547 105281 82106 113866 17689 68043 161434 164704 42076 72072 163753 90860 11449 145727 81469 102823 815 28748 171642 115523 186178 71899 49179 106111 64560 70579 6598 98452 161849 158964 192303 185407 152627 56136 134259 150637 140855 164316 188751 169704 61837 141478 186967 132733 162578 63677 169858 189649 144429 64995 129993 4174 95327 166185 132720 163081 111567 64973 80161 163033 79150 125704 146822 182220 150280 13458 125474 160607 192025 51688 154552 120465 40686 145487 140295 177441 40835 79604 136126 102371 20272 84325 53473 89373 196281 107991 91705 112094 194835 23034 102830 44762 96925 5284 83420 102781 10638 91828 62906
200
177762 179010 100547 132709 48701 132070 29786 140871 24043 108941 124828 190221 67544 170723 51315 180313 125574 162443 59462 73610 48050 120347 99047 153802 118983 49628 107398 82817 56132 62429 154079 159197 27079 19400 27839 136029 140330 108037 5250 106052 108751 51850 113079 189726 111595 28137 133116 97554 72681 63668 139997 180850 75680 149009 24470 191608 165313 89478 140509 45663 15280 65791 62525 81264 110000 191182 44186 83688 150122 69172 99914 81842 155883 15999 159100 8663 189478 166437 159218 138200 122530 47717 487 158306 74379 7602 92068 192337 71113 66413 61265 132932 190874 78710 52041 113619 101767 26045 7981 6103 32123 198699 153455 22835 19942 198828 35434 156441 54873 160634 155680 59521 140587 166185 178448 127689 157567 68553 192850 23023 38683 154862 179977 195750 197568 5029 152452 28466 55345 30188 122676 161773 58918 4574 8680 196060 97178 95057 105604 10244 159471 76469 39952 73081 108455 127998 87047 109043 196262 171655 196902 129704 139869 196058 58839 59330 164917 176 131999 122347 122054 168629 77222 100639 10781 31582 34606 130808 191670 173602 58996 166717 148088 20124 130818 171915 72853 163376 168970 41144 138984 85094 40835 5592 144833 103331 19142 100981 51628 128480 115592 113103 157735 136179 20187 36757 55027 63243 140396 67285
200
127795 76250 68625 96380 32330 69540 106140 118035 114680 92110 43310 122305 34465 14665 8750 7875 11060 3710 7980 12180 13545 13160 10570 4970 14035 3955 19693 11750 10575 14852 4982 10716 16356 18189 17672 14194 6674 18847 5311 109778 65500 58950 82792 27772 59736 91176 101394 98512 79124 37204 105062 29606 160896 96000 86400 121344 40704 87552 133632 148608 144384 115968 54528 153984 43392 115644 69000 62100 87216 29256 62928 96048 106812 103776 83352 39192 110676 31188 62012 37000 33300 46768 15688 33744 51504 57276 55648 44696 21016 59348 16724 88409 52750 47475 66676 22366 48108 73428 81657 79336 63722 29962 84611 23843 58241 34750 31275 43924 14734 31692 48372 53793 52264 41978 19738 55739 15707 4609 2750 2475 3476 1166 2508 3828 4257 4136 3322 1562 4411 1243 172209 102750 92475 129876 43566 93708 143028 159057 154536 124122 58362 164811 46443 154611 92250 83025 116604 39114 84132 128412 142803 138744 111438 52398 147969 41697 10894 6500 5850 8216 2756 5928 9048 10062 9776 7852 3692 10426 2938 305 35 47 262 384 276 148 211 139 11 411 369 26 419 250 225 316 106 228 348 387 376 302 142 401 113 29254 186872 84101 150694 29164
200
0 0 0 0 0 0 0 0 0 0 0 0 0 0 0 0 0 0 0 0 0 0 0 0 0 0 0 0 0 0 0 0 0 0 0 0 0 0 0 0 0 0 0 0 0 0 0 0 0 0 0 0 0 0 0 0 0 0 0 0 0 0 0 0 0 0 0 0 0 0 0 0 0 0 0 0 0 0 0 0 0 0 0 0 0 0 0 0 0 0 0 0 0 0 0 0 0 0 0 0 0 0 0 0 0 0 0 0 0 0 0 0 0 0 0 0 0 0 0 0 0 0 0 0 0 0 0 0 0 0 0 0 0 0 0 0 0 0 0 0 0 0 0 0 0 0 0 0 0 0 0 0 0 0 0 0 0 0 0 0 0 0 0 0 0 0 0 0 0 0 0 0 0 0 0 0 0 0 0 0 0 0 0 0 0 0 0 0 0 0 0 0 0 0 0 0 0 0 0 0
200
200000 200000 200000 200000 200000 200000 200000 200000 200000 200000 200000 200000 200000 200000 200000 200000 200000 200000 200000 200000 200000 200000 200000 200000 200000 200000 200000 200000 200000 200000 200000 200000 200000 200000 200000 200000 200000 200000 200000 200000 200000 200000 200000 200000 200000 200000 200000 200000 200000 200000 200000 200000 200000 200000 200000 200000 200000 200000 200000 200000 200000 200000 200000 200000 200000 200000 200000 200000 200000 200000 200000 200000 200000 200000 200000 200000 200000 200000 200000 200000 200000 200000 200000 200000 200000 200000 200000 200000 200000 200000 200000 200000 200000 200000 200000 200000 200000 200000 200000 200000 200000 200000 200000 200000 200000 200000 200000 200000 200000 200000 200000 200000 200000 200000 200000 200000 200000 200000 200000 200000 200000 200000 200000 200000 200000 200000 200000 200000 200000 200000 200000 200000 200000 200000 200000 200000 200000 200000 200000 200000 200000 200000 200000 200000 200000 200000 200000 200000 200000 200000 200000 200000 200000 200000 200000 200000 200000 200000 200000 200000 200000 200000 200000 200000 200000 200000 200000 200000 200000 200000 200000 200000 200000 200000 200000 200000 200000 200000 200000 200000 200000 200000 200000 200000 200000 200000 200000 200000 200000 200000 200000 200000 200000 200000 200000 200000 200000 200000 200000 200000
200
0 1 0 1 0 0 1 1 1 0 1 0 0 1 0 0 0 1 0 0 1 1 1 0 1 0 1 1 0 1 1 0 1 0 1 1 1 1 0 1 1 1 1 0 0 1 0 1 1 0 0 0 0 0 1 1 1 1 0 0 1 1 1 0 0 0 1 1 0 0 0 0 0 0 1 1 0 0 0 1 1 0 0 0 0 1 1 1 0 0 1 0 1 1 0 1 0 1 0 0 0 1 1 1 0 1 0 1 1 0 1 1 1 0 0 0 1 0 1 0 0 0 0 1 0 0 1 0 0 0 1 0 0 0 1 0 0 1 0 1 0 0 0 0 1 1 0 0 1 0 0 0 1 1 1 1 1 1 1 0 1 0 1 0 0 0 1 0 0 1 0 0 1 0 1 1 0 0 0 1 0 0 1 0 0 1 1 1 1 1 1 1 1 0 1 0 1 1 1 1
200
67749 86481 430 197447 185462 58177 135371 163125 49933 832 23502 84415 186352 11307 72079 163138 69961 29989 171824 110867 137403 106263 21490 120382 53034 193793 144868 94959 21627 126561 110369 135858 161791 188587 196257 191210 66234 30552 90070 177217 7345 197578 122491 194992 118488 60221 43672 50418 57901 125383 44566 55937 187871 30936 97420 144444 68291 12445 54197 195481 2921 85848 111359 100363 4220 151957 167639 172947 18832 177485 179500 126493 153289 196130 15894 63705 98191 148742 132851 25176 109125 130773 62288 157720 117636 147717 8949 157650 165577 189814 149936 30594 185817 90687 98145 72769 60465 54343 129356 123556 26794 125285 119329 23644 143556 68110 189534 59376 188570 76994 162642 87339 10494 47656 21764 46993 149476 104883 58750 187995 84819 159987 69037 114254 62490 188207 199801 28181 126501 42069 39792 38219 173437 36594 117876 97946 56920 4248 13524 168794 81374 126050 67571 126384 187337 48704 161889 120042 123631 22467 33809 111260 32268 60908 165918 147590 50086 9050 175653 42333 127974 174780 167084 162593 165428 91952 193810 36570 153004 69432 186899 66802 107995 72386 108323 111536 2303 90345 47896 62594 128787 24900 51601 119186 150226 15209 194249 111712 40275 42801 151034 43136 138296 91842 193105 46393 2427 43796 39699 133529
200
1 1 1 1 1 1 1 1 1 1 1 1 1 1 1 1 1 1 1 1 1 1 1 1 1 1 1 1 1 1 1 1 1 1 1 1 1 1 1 1 1 1 1 1 1 1 1 1 1 1 1 1 1 1 1 1 1 1 1 1 1 1 1 1 1 1 1 1 1 1 1 1 1 1 1 1 1 1 1 1 1 1 1 1 1 1 1 1 1 1 1 1 1 1 1 1 1 1 1 1 1 1 1 1 1 1 1 1 1 1 1 1 1 1 1 1 1 1 1 1 1 1 1 1 1 1 1 1 1 1 1 1 1 1 1 1 1 1 1 1 1 1 1 1 1 1 1 1 1 1 1 1 1 1 1 1 1 1 1 1 1 1 1 1 1 1 1 1 1 1 1 1 1 1 1 1 1 1 1 1 1 1 1 1 1 1 1 1 1 1 1 1 1 1 1 1 1 1 1 1
200
83658 136656 118698 32850 89790 20586 155052 169068 181770 80592 31974 28841 47112 40921 11325 30955 7097 53454 58286 62665 27784 11023 76782 125424 108942 30150 82410 18894 142308 155172 166830 73968 29346 85186 139152 120866 33450 91430 20962 157884 172156 185090 82064 32558 81175 132600 115175 31875 87125 19975 150450 164050 176375 78200 31025 71434 116688 101354 28050 76670 17578 132396 144364 155210 68816 27302 45840 74880 65040 18000 49200 11280 84960 92640 99600 44160 17520 44312 72384 62872 17400 47560 10904 82128 89552 96280 42688 16936 76018 124176 107858 29850 81590 18706 140892 153628 165170 73232 29054 24066 39312 34146 9450 25830 5922 44604 48636 52290 23184 9198 76973 125736 109213 30225 82615 18941 142662 155558 167245 74152 29419 438 151 402 446 425 374 240 232 398 126 403 191 312 271 75 205 47 354 386 415 184 73 47272 172309 676 24145 37499 891 5632 4680 82623 57241 148606 191361 161394 179717 147269 187956 104054 12179 9597 3059 189210 41099 199962 119899 190099 96319 94033 55493 15796 88351 83898 167926 54527 178389 132113 23755 29474 9368 25706 54589 190985 159425 174203 56634 160849 138521 51048 83292 108246 192826 139593 122380 131915 116556 171128 126649 197457
200
89877 32465 123185 60909 42846 20840 162835 72891 50360 155128 116228 24432 19883 154331 169179 55612 3074 120714 87671 139543 139541 81013 124529 56392 76551 157664 51172 68351 122921 177091 119693 135840 194668 68172 66300 140700 33992 76086 163447 123250 175468 6860 155742 99521 23956 193909 142101 73805 78711 139893 122133 108078 22025 22955 152295 167776 90490 98527 158760 79009 43158 166522 107975 177241 54571 120360 156777 146244 26702 154850 187086 21735 148006 91022 125493 27880 15729 61476 96299 194261 62609 198323 165461 145659 93935 15010 61471 137549 84912 187708 102081 21540 57470 18564 191253 3862 131976 57858 127449 85355 66216 45207 13910 89326 172446 68297 131415 30183 162406 85993 74373 85568 40227 68062 4565 140742 198423 10905 171949 62460 93745 134998 91887 168085 97681 119040 181078 18279 185713 189495 72857 42562 115040 160884 179992 42340 127056 173684 193512 183000 169932 130204 140480 171186 67084 23970 116639 199181 132885 115330 145429 140557 179215 93937 198296 46474 58047 149863 92386 171957 126050 189615 7259 7429 176701 10098 173834 191290 90784 149766 45382 193359 39976 132113 136053 12019 98821 162729 4313 111806 174920 119374 107076 63175 85148 161283 167163 140216 3274 14565 106485 92639 140136 66452 181849 100204 5781 131916 66476 39758
200
75575 199284 144228 154582 43428 54678 138186 132521 132724 56579 118118 73885 47349 82925 156122 105682 95855 77180 46092 127968 180627 37354 58238 6223 147327 69324 151560 74151 101279 177830 66409 106325 33720 174163 174368 172817 145380 178480 12305 2960 51704 188114 72225 170867 45628 175455 182288 72587 170821 6807 91994 9571 178860 43064 75009 48529 113931 19109 191600 48480 103354 100613 44097 31387 190672 154808 149882 128220 168753 93701 114065 120238 37908 187144 181978 87662 149666 182727 138030 106763 164841 162538 175569 3223 47543 137271 1277 117375 79527 157020 12601 23660 16625 96694 8286 105663 164465 45986 75722 102972 181089 13158 60067 155176 132125 120787 132153 97725 189495 109558 109244 121925 45658 166696 40216 132220 173087 138780 83362 130901 196558 140858 97514 169549 140411 32091 164894 36831 160482 61530 65646 186247 143737 34865 39643 154605 101842 14243 28384 28900 187745 83402 108315 99763 74680 56983 55911 98606 154874 198812 152043 40026 155412 36883 104002 72072 113949 169239 33462 161691 6216 108705 2247 158653 162766 199468 95199 81308 108397 173168 21080 49476 58102 69027 128386 36680 162619 139658 68667 114194 175132 79457 76807 138622 89865 92894 147287 197194 193833 167955 28778 61498 148855 69078 70082 5114 168820 154557 6394 32856
200
30704 17675 33734 26058 10302 37067 25149 1212 10807 1212 23735 11552 6650 12692 9804 3876 13946 9462 456 4066 456 8930 21584 12425 23714 18318 7242 26057 17679 852 7597 852 16685 52896 30450 58116 44892 17748 63858 43326 2088 18618 2088 40890 27968 16100 30728 23736 9384 33764 22908 1104 9844 1104 21620 110048 63350 120908 93396 36924 132854 90138 4344 38734 4344 85070 83904 48300 92184 71208 28152 101292 68724 3312 29532 3312 64860 10336 5950 11356 8772 3468 12478 8466 408 3638 408 7990 87552 50400 96192 74304 29376 105696 71712 3456 30816 3456 67680 21888 12600 24048 18576 7344 26424 17928 864 7704 864 16920 134672 77525 147962 114294 45186 162581 110307 5316 47401 5316 104105 101 38 71 174 92 362 276 34 288 72 443 304 175 334 258 102 367 249 12 107 12 235 2120 22032 85518 144708 127350 75694 66590 181633 934 138312 11683 66349 71154 158784 81709 125067 121309 154856 75514 64611 17224 87447 151235 123180 48819 27871 111383 163350 131435 66376 154542 180221 187697 193006 132959 98369 42473 82716 119432 191121 160669 72189 199763 18149 174254 3775 45571 131135 143147 150586 30052 164374 56009 105600 77585 111181 96035
200
189969 181493 181123 27602 74347 89617 56367 65086 107291 146999 144548 56513 64959 187146 150798 89110 93816 114249 99310 188404 187358 114464 192221 43398 24747 184085 162233 68487 50670 64739 152762 35150 100488 21845 175712 184949 195779 152279 106812 146330 119162 101091 47901 20153 75149 38857 167942 12711 43921 48879 160523 55820 170759 190667 145649 10289 97784 73792 48497 37282 188718 95112 28581 117389 63587 156893 159925 112539 41624 64688 16150 194102 63278 78039 130880 36167 5226 158276 65180 644 185393 23314 42332 183717 4764 110601 85249 13172 49036 164011 38802 91906 85226 90347 159125 137990 108707 190579 164980 124445 165920 24919 30604 72836 119327 38392 176935 12765 13023 21528 187130 6417 153653 179779 22211 173543 162005 154490 117088 123528 104643 105080 62419 124876 32213 55412 64294 92361 32922 86831 144043 97558 149467 57492 114301 1508 32020 21377 151168 57208 61583 191079 171979 1237 24477 196359 172901 88232 61055 55720 31105 56445 151266 129946 141219 125597 198447 38660 47896 48884 11635 41377 31259 167600 61040 165684 143660 119177 38500 66236 41166 50717 31210 16703 186839 6890 152565 49760 145592 68224 131937 186281 14476 76444 167959 48321 130726 21315 199022 189143 78914 178845 3063 70400 76530 40930 128523 76145 46702 42344
200
5460 13416 4368 16380 3120 32058 24570 28392 16450 40420 13160 49350 9400 96585 74025 85540 2730 6708 2184 8190 1560 16029 12285 14196 22610 55556 18088 67830 12920 132753 101745 117572 12600 30960 10080 37800 7200 73980 56700 65520 16940 41624 13552 50820 9680 99462 76230 88088 25970 63812 20776 77910 14840 152481 116865 135044 15820 38872 12656 47460 9040 92886 71190 82264 78 235 39 323 180 242 371 226 70 172 56 210 40 411 315 364 140122 28178 115069 163827 69451 155240 115797 82633 168833 55431 16472 77380 17715 28831 170687 29875 47769 2645 8836 190589 25270 17201 164100 8896 52078 83281 7487 148341 114602 35965 142448 143862 30139 197779 164264 44430 132994 24936 149070 182893 109022 62625 164347 196730 34609 168556 103604 39107 108151 71234 128203 86843 155309 67397 138614 164065 152273 41453 100050 148658 88036 186075 165402 102088 160696 47653 122351 109146 150592 52034 188913 21360 97869 189818 110466 142405 4413 47250 199767 40263 163433 176248 19533 119971 94708 74445 97267 166854 25037 72296 140605 46136 57528 102070 34984 150943 118077 109186 99859 139154 62205 4696 84413 97976 50807 162089 143046 119321 31442 143126 125521 172778 189334 38372 141390 78814 40136 172866 133438 197823
200
0 0 1 0 1 1 1 0 1 0 1 1 0 0 0 0 0 1 0 1 1 0 0 0 1 1 0 1 1 1 1 0 1 0 1 0 1 0 1 0 0 1 1 0 0 1 0 0 0 0 0 1 1 1 1 1 1 0 1 0 1 0 0 1 1 1 0 0 1 0 0 0 1 1 1 0 1 1 0 0 0 0 1 0 0 1 0 0 1 0 1 0 1 0 1 0 1 1 1 0 0 1 0 0 1 1 0 0 1 1 1 1 1 1 0 0 0 0 1 0 1 1 1 0 1 1 1 1 1 1 0 0 0 0 0 1 1 1 1 1 1 0 0 1 0 1 0 0 0 1 0 0 1 1 1 0 0 1 0 1 1 1 1 0 1 1 0 0 1 0 0 0 1 1 1 1 1 0 1 0 0 0 1 1 0 0 1 0 1 1 0 1 1 0 0 0 1 1 0 0
200
145007 97794 149452 159376 15437 143350 10617 43351 83044 102418 19169 65542 131880 41593 179450 77712 75814 189188 159920 161351 58639 147171 162361 174691 153933 117943 75024 147579 186529 173238 81153 192600 82033 25928 141404 191060 47395 158809 107256 164547 165397 167379 78976 84491 169713 127025 56881 64822 95135 18031 20437 80532 80110 125420 39046 176095 103133 181860 65594 144978 32297 152441 40328 196334 121974 72101 34048 129428 159154 40707 83616 20301 17382 81624 121827 172720 96784 141385 84097 85776 38090 61031 44401 91414 40705 149875 199630 165120 152542 128703 81501 192753 7830 69149 159724 176659 125067 104241 69396 173943 87788 126171 136013 52825 81707 28468 62374 159880 104967 59502 116658 83194 85076 100082 106831 74396 159201 184134 74618 26544 47513 750 34283 24140 113475 31808 85196 15025 78841 26078 194105 159874 69792 160108 131469 80541 10491 149718 40006 61607 4349 62104 116072 91678 55735 98683 143937 74003 42783 133838 28460 138074 45678 37344 137662 110839 38363 60131 132478 60766 49334 127152 35152 23142 173435 155832 54339 11125 25912 131158 67548 166083 72594 64960 18065 70981 66915 103759 48956 94376 75359 27644 26645 15653 51284 38241 99665 49134 74375 108012 49001 63624 74582 102021 67645 68977 88870 97810 173804 168429
200
0 0 0 0 0 0 0 0 0 0 0 0 0 0 0 0 0 0 0 0 0 0 0 0 0 0 0 0 0 0 0 0 0 0 0 0 0 0 0 0 0 0 0 0 0 0 0 0 0 0 0 0 0 0 0 0 0 0 0 0 0 0 0 0 0 0 0 0 0 0 0 0 0 0 0 0 0 0 0 0 0 0 0 0 0 0 0 0 0 0 0 0 0 0 0 0 0 0 0 0 56974 173982 64937 139002 2771 42551 34942 8241 116068 59665 160319 76432 83056 58761 8446 168824 197744 137635 99685 96166 152715 176855 33987 101242 55533 165612 76853 121966 132934 164298 128876 112148 92285 105788 22503 12555 193868 41987 111028 26364 167397 98171 165266 100333 87794 18331 150243 79981 133379 43465 123706 195128 185866 104169 13990 24755 47909 89603 107096 37637 55257 146265 75593 134138 159381 74626 91818 156696 43385 123408 61889 42611 7033 4111 194564 11910 85246 41349 7714 105114 192487 28772 45333 51526 105282 199679 44278 32932 20688 177402 124702 187162 189496 65518 30341 120806 30885 124161 132818 9393
