30
6
5 2 4 6 3 1
6
2 4 8 16 32 64
3
1 1 1
3
200000 200000 200000
200
1 0 0 1 1 0 1 0 0 1 0 1 1 1 1 0 1 0 1 1 0 0 0 0 0 1 1 0 1 0 1 1 1 1 1 0 1 0 1 0 0 1 1 1 1 1 0 0 1 1 0 1 0 0 1 1 0 0 1 1 0 1 0 0 1 0 0 1 0 0 1 0 0 0 0 0 1 0 0 1 1 0 1 0 0 0 1 1 0 1 1 1 0 0 0 0 0 1 1 0 0 1 0 0 1 0 1 1 0 1 0 0 0 1 1 1 0 1 0 0 1 1 0 0 1 1 1 1 0 0 0 1 0 0 0 0 0 1 0 1 1 1 1 0 0 0 0 0 0 1 0 1 0 1 1 0 0 1 1 0 0 1 0 1 1 1 1 1 1 1 0 0 1 0 1 0 1 0 0 0 1 0 0 0 0 1 1 1 1 1 0 0 0 0 1 1 0 1 0 0
200
109231 159604 91399 11643 150679 86876 7328 134111 2170 98791 196770 154523 67209 158536 123183 85436 176341 52791 40474 142689 135087 61888 31394 124539 159166 85789 79314 155764 156960 113940 59626 26174 123051 53373 27749 112806 144222 30826 22671 176540 165662 51209 148128 136752 74516 119136 61547 166892 198924 70028 174872 117897 35830 74933 150284 77302 151378 72129 84125 87163 138155 157077 115534 29297 44567 189804 190587 143375 191622 113805 196888 45296 194421 158769 168226 136740 179269 139592 46452 144845 192808 112816 193211 106971 39941 190672 44320 43222 52507 49726 31878 65293 180436 139378 182999 34637 157230 161721 19997 81948 165458 197789 150718 8279 129992 91944 115295 22971 196054 33950 178518 172968 8729 72987 123192 157740 183997 32028 1891 152592 159405 28190 197057 46698 120272 43137 127555 53802 160794 61447 134459 56349 13533 47311 105260 142129 143399 185180 25180 68924 9924 137268 87804 121916 105709 22003 77087 96606 159252 63804 192687 180228 143079 75867 35233 90253 189904 11556 149843 114952 61923 159854 179016 82312 51388 156037 74528 39032 13487 147446 156278 52441 17925 28228 127403 139111 38766 79133 168307 74646 169212 44726 32549 2125 67853 173780 134504 188174 190043 115760 155867 23826 35206 65801 1472 96649 80730 88710 190301 104094
200
70384 107900 126160 1328 35192 101260 118524 113876 1992 28220 98604 33532 8300 82468 126425 147820 1556 41234 118645 138873 133427 2334 33065 115533 39289 9725 92220 141375 165300 1740 46110 132675 155295 149205 2610 36975 129195 43935 10875 20776 31850 37240 392 10388 29890 34986 33614 588 8330 29106 9898 2450 9964 15275 17860 188 4982 14335 16779 16121 282 3995 13959 4747 1175 65932 101075 118180 1244 32966 94855 111027 106673 1866 26435 92367 31411 7775 23320 35750 41800 440 11660 33550 39270 37730 660 9350 32670 11110 2750 13356 20475 23940 252 6678 19215 22491 21609 378 5355 18711 6363 1575 57240 87750 102600 1080 28620 82350 96390 92610 1620 22950 80190 27270 6750 31588 48425 56620 596 15794 45445 53193 51107 894 12665 44253 15049 3725 64660 99125 115900 1220 32330 93025 108885 104615 1830 25925 90585 30805 7625 18656 28600 33440 352 9328 26840 31416 30184 528 7480 26136 8888 2200 44520 68250 79800 840 22260 64050 74970 72030 1260 17850 62370 21210 5250 332 389 435 98 47 311 110 63 270 149 305 88 210 212 325 380 4 106 305 357 343 6 85 297 101 25 177888 95800 85861 51690 81875
200
177126 112906 170201 31365 193625 27754 83518 144040 115149 150334 195481 70895 13343 152823 102291 117851 118829 173752 146653 34334 34779 120626 185034 15683 156192 175322 173234 124968 115910 89360 180283 84736 135072 81274 196346 58866 57426 68537 161973 68162 197046 66787 133051 85385 93513 67152 126996 115288 95117 41105 13642 48823 119942 157342 151466 175865 43392 71654 17402 68393 164410 130149 92237 70641 33334 180084 62639 178400 135112 157193 101531 4548 178273 111627 78268 149180 125506 129147 140179 27095 164393 74677 120764 132657 134778 183105 161258 162343 104155 54630 90612 84503 123153 99561 107939 4242 111011 66222 99227 39607 106338 138065 27100 190536 190642 158159 135754 20786 95525 157491 167097 51884 64832 58679 9965 9859 2426 77026 141902 92972 130242 8563 12641 143896 185179 158416 102442 75854 133218 137473 40546 32348 153683 136465 117653 168097 75270 40233 192563 110517 169879 169194 139579 70857 121235 141207 127974 10001 23250 174474 100211 46511 70449 144063 28601 7624 97112 127529 93727 144648 108824 99029 77172 155992 192796 113277 130348 48892 108863 73562 171423 115615 41151 54893 196626 88123 129701 94343 37698 86248 117119 19362 186207 58313 73544 117491 98872 124625 53795 171311 143640 105862 164568 97589 139534 94203 122256 107068 117861 44191
200
53292 193925 86004 59316 145795 7083 142718 5314 72377 123063 109080 75531 185517 195689 81044 94858 130005 41336 150677 181995 102455 148071 93603 23109 31350 100784 130908 126650 33365 44784 170755 133882 20906 132351 67837 118197 88152 188927 167923 24322 85768 186009 24936 143790 130709 60850 20890 110040 63375 96529 135690 54075 89248 125647 127159 101924 27444 172272 198812 165941 107467 94771 45873 97770 52953 78865 89684 34614 90250 152483 38975 101279 66688 152144 172322 136070 47624 144799 181373 51357 175217 140601 107690 171240 21769 95690 92435 177485 142569 174483 128371 72145 164982 139154 75574 9168 127132 17336 19368 52290 96564 98817 47457 195159 132935 103998 181079 4353 147317 37986 156808 20278 129663 36789 72233 128588 30736 186911 75141 185783 59786 17148 189146 98213 82053 82203 153214 119654 62656 4977 111661 103171 48797 161279 85867 112467 102071 19286 58379 154757 193011 194789 191965 39513 53334 163057 39148 184605 178034 187688 125619 32837 108158 68709 67150 84270 15124 12359 119952 130073 68907 65883 98252 44391 171881 114068 126181 174571 170507 104244 21705 39685 136154 91487 183701 190175 124119 165103 167047 92949 46497 80987 79452 115408 24129 133078 43832 73747 94724 121996 90139 197355 165152 6320 161215 171816 17674 108642 102538 31050
3
65537 65537 131073
200
7097 39411 59343 50585 61155 604 36391 39713 35183 4077 27935 2585 14355 21615 18425 22275 220 13255 14465 12815 1485 10175 11844 65772 99036 84420 102060 1008 60732 66276 58716 6804 46620 19740 109620 165060 140700 170100 1680 101220 110460 97860 11340 77700 2209 12267 18471 15745 19035 188 11327 12361 10951 1269 8695 5170 28710 43230 36850 44550 440 26510 28930 25630 2970 20350 17249 95787 144231 122945 148635 1468 88447 96521 85511 9909 67895 9917 55071 82923 70685 85455 844 50851 55493 49163 5697 39035 15510 86130 129690 110550 133650 1320 79530 86790 76890 8910 61050 4982 27666 41658 35510 42930 424 25546 27878 24698 2862 19610 18847 104661 157593 134335 162405 1604 96641 105463 93433 10827 74185 151 55 252 420 47 110 367 211 330 106 401 47 261 393 335 405 4 241 263 233 27 185 157349 55611 174864 57836 90191 71599 45379 163418 76196 74995 93413 8398 75041 149255 63360 178743 141518 51905 69566 6609 108066 74642 164852 46422 64305 21542 86190 130624 168889 53330 123958 167428 81482 189984 101127 115433 92816 29055 40328 143638 12832 169745 1983 184020 71613 50682 42614 183681 154845 141266 27683 151748 166786 197907 12080 142523 66767
200
22599 99587 46851 184212 102962 24441 17469 57199 107972 191752 183189 72858 162577 161710 156935 191708 3071 97215 58658 134040 100973 36618 6785 142556 166460 177765 4415 198823 152918 43648 30342 117331 102170 96861 177913 45043 2952 108760 139136 66144 19607 40307 59128 111224 101729 132801 73546 147447 5167 162611 93277 154481 35623 1250 178394 121753 14828 31190 181705 162479 13038 193378 192293 35188 158258 140786 71539 78378 141189 43841 75688 92622 178556 72144 78142 115767 156078 83360 168150 105165 186642 131345 120578 91017 167457 115481 121365 4890 139585 112974 26779 5576 2469 96437 55784 19997 144406 69676 77526 11237 142709 162736 165981 160914 120620 71813 13999 126461 72952 13021 98281 179439 168609 82194 71619 97151 173382 26724 164989 88190 165717 178384 167522 43291 45978 116723 142613 81467 149471 23604 22106 9080 76130 60428 121057 188335 101239 171625 86066 125179 143756 18874 149438 60892 146109 34274 84213 186066 87177 47191 190479 41929 61257 120005 136538 18773 115808 148775 50320 26685 179099 32243 78202 77244 22647 180384 43684 133556 168771 156920 37736 110385 1053 83226 20953 177399 78719 126933 105574 109203 61788 3890 44979 107753 6825 72914 167778 13729 115519 146781 118906 5813 148992 11212 90382 76173 105824 122398 155373 157257
200
52008 76560 91344 9504 3960 87912 7656 1773 2610 3114 324 135 2997 261 23640 34800 41520 4320 1800 39960 3480 50235 73950 88230 9180 3825 84915 7395 42158 62060 74044 7704 3210 71262 6206 43340 63800 76120 7920 3300 73260 6380 6895 10150 12110 1260 525 11655 1015 264 9 120 255 214 220 35 197 290 346 36 15 333 29 31879 81096 84809 154015 38324 94699 49893 34421 20693 142676 115303 176276 104523 121641 66287 94950 118676 95064 182144 62665 15718 199422 175045 185209 11731 65911 76426 45637 63229 42372 2371 49999 137863 137618 188628 4632 167104 18249 169978 183267 60178 105065 128511 184539 5518 51442 181087 163380 12796 10194 96184 102288 64108 109223 22604 20152 60298 35195 116500 43204 174994 104848 24432 64512 41425 130138 164482 188702 32742 38259 157782 9482 70959 187660 75643 3086 187001 144455 59086 149411 91430 27369 147426 64031 101461 4080 171387 125518 112622 181931 168191 186179 177185 131658 75103 136170 194677 91168 188809 45590 141185 85545 20523 70528 32318 73965 111722 127371 57298 137361 58253 166592 35579 35961 130336 95847 31243 48484 160602 183887 26575 94154 121155 14726 176481 26666 65920 43669 12198 171077 150336 57856 125447 10056 107755 187054 66063
200
1 0 1 1 0 0 1 1 0 0 1 0 0 0 0 1 1 0 1 0 1 0 1 0 1 1 1 1 0 1 1 0 0 1 1 1 1 0 1 0 0 1 1 0 1 0 0 1 1 0 0 1 1 1 1 1 0 0 1 0 1 1 0 1 1 0 1 0 0 0 0 1 1 1 1 0 0 1 1 0 1 0 1 0 0 1 0 1 1 0 0 0 0 0 1 0 1 1 0 1 0 0 1 0 1 1 0 1 0 0 1 0 1 1 1 0 0 1 1 1 1 0 1 0 1 0 0 1 1 1 1 1 0 0 1 0 1 1 1 0 0 1 1 0 1 0 0 0 0 1 1 0 1 0 1 1 1 0 0 1 1 0 0 0 1 0 0 0 0 0 1 1 0 0 1 1 1 0 1 1 1 0 0 1 0 1 1 0 0 1 0 1 1 1 0 1 1 0 1 1
200
4394 63882 74529 73515 53404 7267 36673 29913 25857 1638 23814 27783 27405 19908 2709 13671 11151 9639 5616 81648 95256 93960 68256 9288 46872 38232 33048 416 6048 7056 6960 5056 688 3472 2832 2448 11492 167076 194922 192270 139672 19006 95914 78234 67626 4394 63882 74529 73515 53404 7267 36673 29913 25857 8736 127008 148176 146160 106176 14448 72912 59472 51408 3406 49518 57771 56985 41396 5633 28427 23187 20043 10634 154602 180369 177915 129244 17587 88753 72393 62577 169 63 216 16 442 169 336 131 409 26 378 441 435 316 43 217 177 153 61486 58422 90208 183510 48591 104542 813 11053 140835 172993 124325 47266 150747 66652 56603 162515 165172 189425 148950 69819 34871 109084 86842 50432 47833 184621 49688 13130 147591 45655 138260 100177 25894 34699 98022 166770 19825 193375 81119 80289 62245 92495 120332 88458 179516 112412 81889 56542 50623 42417 174427 174651 125291 171524 29404 194717 55368 34540 92977 186419 38361 147292 37339 140954 96990 14650 117200 109564 61807 56988 133354 118614 174891 160508 160709 103731 88210 53196 10443 31096 90797 46732 90918 48045 80398 155731 17933 112751 27507 108782 115408 167301 17926 162340 126929 145189 24949 121243 59785 190825 176109
200
156570 145387 6381 189786 25671 18232 131372 130230 24304 167671 90565 3246 60091 149933 173148 144827 50685 158257 176055 35179 14421 121311 64024 22625 172734 123000 139249 104311 108652 3987 47223 126204 49396 18667 49542 154661 23911 74986 51291 31081 191055 57000 46039 136156 141811 121677 57115 31271 88666 4235 144500 41959 114718 18589 56867 169066 77423 103233 186722 95602 170705 119239 194843 62827 153569 46531 11449 137767 43315 170014 188446 132421 25328 78407 320 86331 69227 116398 144177 169297 72558 174295 35072 78723 146418 150145 20222 148232 109680 119271 192566 105245 77562 49430 61698 126759 185815 171595 187484 47744 117714 165991 68325 164519 40710 121199 187627 150996 168529 2168 12181 15696 69326 27912 78293 103249 154295 187130 191505 51669 193786 190299 108088 22116 4365 69239 171880 180302 21183 5900 195544 155802 138065 77410 144811 14426 98828 100385 159650 187664 116688 144685 33215 54612 116283 134389 108913 28491 2131 188636 46322 61413 46599 128726 25159 195516 172983 72819 192508 81127 30537 88342 142831 121686 181862 91060 46692 110503 55578 113234 59055 22242 4062 46496 31816 60633 73560 3260 90962 121086 90194 154044 57409 112769 180854 59805 53838 182898 88222 79637 144226 29925 176005 3302 8378 24116 164087 138344 123633 168326
200
44245 3870 161676 43850 63062 194477 40253 11458 11765 116658 9148 68448 108739 135192 175773 66712 331 134579 14614 18354 113623 86594 128600 165495 114051 74444 15987 74616 76600 139451 45075 65162 53499 5087 48302 141806 17301 98933 133781 198688 195687 117701 41767 61540 96130 197683 84906 111374 42928 192486 58498 114445 31741 84895 27024 14726 40197 115117 153197 69028 67455 140922 199853 186122 110212 143015 193812 115269 26981 4784 90021 92280 53851 2343 157871 114610 119669 110247 171665 51313 74588 89265 15067 61454 28433 136225 16490 187181 80495 137816 149151 199631 84351 17566 129565 153839 35680 94065 16108 154793 143881 81822 72190 36213 154318 88406 138391 126611 185741 167246 71142 139910 38486 37238 1957 46425 53355 32802 78426 13729 84825 86315 16610 182883 148889 60441 80453 157724 189014 161272 82653 178569 61781 166508 192956 119344 74527 6423 75117 57052 41235 100781 140775 190967 160437 71421 75748 11247 56919 41542 13946 115755 35088 171968 111325 181541 41609 190325 33022 114053 49454 45165 85265 90321 22257 36336 13495 126178 111780 197465 81415 94108 185221 129132 169875 97913 129892 35236 111180 65877 129097 134927 15105 165872 98576 145953 74638 59735 69756 122795 95776 1658 170387 96331 186385 137754 78153 133381 42818 199636
200
83482 85428 60770 51101 109020 82630 63938 165736 129236 141529 12228 9704 194241 94502 77164 5318 131491 11173 82046 91153 146068 63036 40400 11278 109628 198336 148212 144729 180459 153186 195623 193090 152598 161339 122594 168593 137426 119023 164496 105402 83782 190571 105610 99371 77607 147872 54361 170039 15962 116565 9828 107611 41019 81291 181498 114638 56356 128665 198287 22679 161958 116967 116091 15296 173544 158334 134821 135697 74235 196181 140968 30534 105908 184956 6672 65196 157936 71684 56186 111972 12356 170360 38629 171624 196613 80216 135642 95704 87506 181006 150009 89573 166083 128336 25552 160744 50564 119748 94166 155342 157546 19554 159078 87340 47834 96260 90601 157119 2959 53008 176437 50553 9453 57224 172837 195706 54394 195084 35751 165107 62235 125309 189342 110277 110659 181768 35301 103746 62106 80617 184833 163732 90009 35681 167201 199284 12265 8299 182873 197357 87845 3589 175499 37020 178339 137414 124619 145157 58641 4940 194624 129460 5033 160173 61909 146247 5850 2008 101641 154429 92143 103441 86291 58901 64382 185423 31294 78080 142362 29288 162478 186616 131938 179280 65624 144202 191440 89713 82523 43848 111955 125273 2967 67589 114214 44524 89092 29998 118857 118835 198431 164113 47673 29007 132224 45278 104160 22976 137906 104222
200
200000 200000 200000 200000 200000 200000 200000 200000 200000 200000 200000 200000 200000 200000 200000 200000 200000 200000 200000 200000 200000 200000 200000 200000 200000 200000 200000 200000 200000 200000 200000 200000 200000 200000 200000 200000 200000 200000 200000 200000 200000 200000 200000 200000 200000 200000 200000 200000 200000 200000 200000 200000 200000 200000 200000 200000 200000 200000 200000 200000 200000 200000 200000 200000 200000 200000 200000 200000 200000 200000 200000 200000 200000 200000 200000 200000 200000 200000 200000 200000 200000 200000 200000 200000 200000 200000 200000 200000 200000 200000 200000 200000 200000 200000 200000 200000 200000 200000 200000 200000 200000 200000 200000 200000 200000 200000 200000 200000 200000 200000 200000 200000 200000 200000 200000 200000 200000 200000 200000 200000 200000 200000 200000 200000 200000 200000 200000 200000 200000 200000 200000 200000 200000 200000 200000 200000 200000 200000 200000 200000 200000 200000 200000 200000 200000 200000 200000 200000 200000 200000 200000 200000 200000 200000 200000 200000 200000 200000 200000 200000 200000 200000 200000 200000 200000 200000 200000 200000 200000 200000 200000 200000 200000 200000 200000 200000 200000 200000 200000 200000 200000 200000 200000 200000 200000 200000 200000 200000 200000 200000 200000 200000 200000 200000 200000 200000 200000 200000 200000 200000
200
38104 16021 8227 19485 142890 148952 149818 3256 1369 703 1665 12210 12728 12802 264 111 57 135 990 1032 1038 37752 15873 8151 19305 141570 147576 148434 18128 7622 3914 9270 67980 70864 71276 2728 1147 589 1395 10230 10664 10726 1496 629 323 765 5610 5848 5882 433 37 3 429 206 31 17 88 37 19 45 330 344 346 191436 162392 174378 50152 48241 166674 197334 28364 121317 18477 3493 97983 127109 158413 31420 90532 49317 159062 166940 95346 27369 197284 103784 132397 150132 26862 164259 123351 64727 118660 134593 150310 159552 40614 14060 159246 87883 64693 107381 172479 190575 64396 72222 180922 17217 178768 1489 143389 108714 163245 22056 124820 151967 190583 34802 35907 15909 148179 181450 54312 57819 109306 102681 180926 223 88623 56529 139421 136375 84805 9423 50427 127403 170082 53436 116190 84862 38702 11867 96703 107337 47724 105726 54189 106721 108606 9714 152188 40364 170519 18073 72981 26805 127397 131726 70044 41204 27786 99081 158281 175191 113848 66894 187356 168636 135997 129992 43264 22155 126631 146807 81256 181699 38427 152369 94594 157471 9251 121161 127098 60431 194901 141860 135344 70564 14396 108050 33617 41106 105531 83855 132043 123380 164651 151365 146748 146092
200
146880 170208 159840 53136 107568 104112 52272 150336 5184 84660 98106 92130 30627 62001 60009 30129 86652 2988 136340 157994 148370 49323 99849 96641 48521 139548 4812 143140 165874 155770 51783 104829 101461 50941 146508 5052 46920 54372 51060 16974 34362 33258 16698 48024 1656 86020 99682 93610 31119 62997 60973 30613 88044 3036 133620 154842 145410 48339 97857 94713 47553 136764 4716 111860 129626 121730 40467 81921 79289 39809 114492 3948 133280 154448 145040 48216 97608 94472 47432 136416 4704 432 249 401 421 138 253 393 329 392 340 394 370 123 249 241 121 348 12 151852 159188 141262 177119 139165 20346 133224 55475 199372 35184 160940 75425 74747 168337 24936 174777 62514 14854 108659 30073 76304 83865 41317 93871 120905 150741 198228 131043 119924 227 88589 44346 181411 164219 155879 132446 23367 153721 53954 142280 178253 175657 130033 29694 142287 195553 143056 62176 173571 50354 50556 45441 162124 52572 173117 148741 197269 164250 107387 127235 92088 125341 190579 169408 105087 67775 83909 177543 182474 165058 18896 32186 127269 134259 173111 85857 195180 135266 84152 685 188855 17412 46423 182988 13490 147669 80058 124478 106571 84525 123071 164888 10775 7114 180544 156887 152249 49318 136255 176262 194285
200
0 0 0 0 0 0 0 0 0 0 0 0 0 0 0 0 0 0 0 0 0 0 0 0 0 0 0 0 0 0 0 0 0 0 0 0 0 0 0 0 0 0 0 0 0 0 0 0 0 0 0 0 0 0 0 0 0 0 0 0 0 0 0 0 0 0 0 0 0 0 0 0 0 0 0 0 0 0 0 0 0 0 0 0 0 0 0 0 0 0 0 0 0 0 0 0 0 0 0 0 0 0 0 0 0 0 0 0 0 0 0 0 0 0 0 0 0 0 0 0 0 0 0 0 0 0 0 0 0 0 0 0 0 0 0 0 0 0 0 0 0 0 0 0 0 0 0 0 0 0 0 0 0 0 0 0 0 0 0 0 0 0 0 0 0 0 0 0 0 0 0 0 0 0 0 0 0 0 0 0 0 0 0 0 0 0 0 0 0 0 0 0 0 0 0 0 0 0 0 0
200
1 1 1 1 1 1 1 1 1 1 1 1 1 1 1 1 1 1 1 1 1 1 1 1 1 1 1 1 1 1 1 1 1 1 1 1 1 1 1 1 1 1 1 1 1 1 1 1 1 1 1 1 1 1 1 1 1 1 1 1 1 1 1 1 1 1 1 1 1 1 1 1 1 1 1 1 1 1 1 1 1 1 1 1 1 1 1 1 1 1 1 1 1 1 1 1 1 1 1 1 1 1 1 1 1 1 1 1 1 1 1 1 1 1 1 1 1 1 1 1 1 1 1 1 1 1 1 1 1 1 1 1 1 1 1 1 1 1 1 1 1 1 1 1 1 1 1 1 1 1 1 1 1 1 1 1 1 1 1 1 1 1 1 1 1 1 1 1 1 1 1 1 1 1 1 1 1 1 1 1 1 1 1 1 1 1 1 1 1 1 1 1 1 1 1 1 1 1 1 1
200
0 0 0 0 0 0 0 0 0 0 0 0 0 0 0 0 0 0 0 0 0 0 0 0 0 0 0 0 0 0 0 0 0 0 0 0 0 0 0 0 0 0 0 0 0 0 0 0 0 0 0 0 0 0 0 0 0 0 0 0 0 0 0 0 0 0 0 0 0 0 0 0 0 0 0 0 0 0 0 0 0 0 0 0 0 0 0 0 0 0 0 0 0 0 0 0 0 0 0 0 93002 187393 97393 138429 171801 184695 129247 100464 53542 33722 94234 86456 73977 53035 45084 47684 123833 147420 106192 95906 63531 110418 111682 157038 126400 195246 184183 106467 158898 34476 199968 48844 84723 126797 105077 26084 83731 1725 37467 128448 56246 99228 171797 159171 126488 25101 97907 166617 174732 177744 23277 4092 99043 105458 76779 6823 96287 150123 32088 13037 31251 111220 71115 159789 76963 198239 86481 100659 134312 52999 117142 160425 48956 131395 48129 145509 177578 103526 98060 188164 180517 170034 112638 14357 69914 198662 163955 65706 27352 54503 3905 102427 166899 156339 57273 98173 151039 58017 37253 112599
200
53058 49284 22200 72372 5994 92574 1998 48517 45066 20300 66178 5481 84651 1827 19120 17760 8000 26080 2160 33360 720 57838 53724 24200 78892 6534 100914 2178 86757 80586 36300 118338 9801 151371 3267 84128 78144 35200 114752 9504 146784 3168 99663 92574 41700 135942 11259 173889 3753 222 203 80 242 363 352 417 239 222 100 326 27 417 9 117877 158302 44806 132336 27260 128752 73531 150978 149205 9654 187798 144615 16899 133512 61730 189500 180475 25021 46234 71675 28092 130333 94871 100974 10921 142716 158631 7509 83551 190748 24638 132156 114009 102494 38492 139638 68992 52714 149365 117590 20909 93644 169033 57737 91667 162746 181735 115271 75522 92764 148518 3233 52141 143831 83694 13238 74566 98527 173075 40372 184552 97934 62103 161277 87442 172561 5825 66993 97791 163677 147911 1990 90080 183404 156985 35750 152278 193748 32642 35246 103514 122145 174695 188036 44930 96587 165047 86712 159020 65432 195677 186752 180398 578 17667 99580 103763 24577 154459 4502 75247 29508 62690 181675 141863 51598 183398 20337 146986 75728 157181 143842 174821 93710 172568 140529 159215 185148 116407 19087 6372 137277 111765 22814 179244 173110 126199 99767 22671 26987 45310 151609 145317 178593 135919 162518 130574
200
0 0 0 0 0 0 0 0 0 0 0 0 0 0 0 0 0 0 0 0 0 0 0 0 0 0 0 0 0 0 0 0 0 0 0 0 0 0 0 0 0 0 0 0 0 0 0 0 0 0 0 0 0 0 0 0 0 0 0 0 0 0 0 0 0 0 0 0 0 0 0 0 0 0 0 0 0 0 0 0 0 0 0 0 0 0 0 0 0 0 0 0 0 0 0 0 0 0 0 0 115361 184651 142530 73295 137762 54046 156922 10314 37483 12977 145677 186999 99190 95171 13152 139947 53573 98312 148487 127973 56743 106379 5436 135590 191581 140459 198566 149251 143269 42188 60528 13016 57054 110806 9810 78593 152753 182969 138591 152247 37720 21961 43141 60340 95290 79231 139027 116579 108147 167682 52528 93690 90473 124137 129336 74842 26638 29772 161606 89694 99855 16135 11256 87008 116229 50054 117462 147673 9477 106458 4342 32165 79406 128717 89862 44445 190638 93321 43659 12788 39112 84956 184436 174676 73652 45699 161785 158372 61483 159360 42577 167603 28651 183066 9915 164886 140362 136171 65227 159383
200
41237 56333 160965 40597 8343 31868 20281 192507 126265 124865 40373 63065 144683 5020 6850 107860 31647 130042 15170 93626 68028 106821 196121 113150 39197 51464 165483 38238 43851 126125 136494 162571 45762 134721 48631 187880 103053 15369 106156 14238 179057 112764 149890 100574 135838 158556 173510 148249 143138 38847 158694 77371 164032 64963 108294 29609 67364 25129 22790 15527 4872 160420 144269 156561 166391 101113 94578 101752 133093 130598 61720 138310 155449 172346 183470 52821 171394 195981 6708 148403 197895 160675 36685 146602 101065 85523 50673 175010 90363 176106 62390 192330 11864 85280 71866 92325 189342 160398 126207 100422 197367 177671 165923 79531 139270 164410 35917 6308 158129 151162 26489 130209 112196 169976 149924 94963 64965 82547 91054 58960 60158 19457 6848 195437 66805 23753 24658 16969 46615 113746 170776 180875 26975 108556 121879 111873 107039 46972 152979 103818 99363 163588 176504 82377 188241 161826 135861 97498 64998 134113 25501 218 26065 92539 146317 95755 105797 170432 175090 102835 137683 12690 14757 124122 75233 199560 4101 179150 64342 4311 199081 160630 79099 83236 61058 193489 26537 192911 130887 8855 193026 112287 37765 104320 68001 169659 102560 188113 65406 45894 155464 85829 193728 14907 196218 177507 195390 198072 9552 20043
200
5214 5324 8734 2068 4532 4752 7480 72522 74052 121482 28764 63036 66096 104040 61383 62678 102823 24346 53354 55944 88060 99540 101640 166740 39480 86520 90720 142800 88875 90750 148875 35250 77250 81000 127500 64938 66308 108778 25756 56444 59184 93160 32706 33396 54786 12972 28428 29808 46920 22 306 259 420 375 274 138 237 242 397 94 206 216 340 106763 180554 42359 131669 166137 179357 156165 37657 24237 48065 116133 118081 105208 153493 27804 180010 75649 77343 59585 23357 59881 9830 64087 171806 151766 190014 54579 15414 143577 118568 32384 187105 157536 14493 170102 96722 164392 125678 93820 12848 2796 139199 25090 176511 8026 46123 111764 170542 17431 129225 134757 101945 139844 135593 128170 37993 126867 1922 67447 119483 80481 158398 7531 126929 86797 119142 45888 82426 19227 134020 173636 158972 78455 27554 63578 115969 33868 98086 115210 173377 39623 39171 172792 148040 101676 167296 1522 95913 27929 175846 55395 128172 102775 11060 124140 130136 23588 45177 63266 71383 191798 44879 172024 119797 160575 5295 27853 52603 1476 65213 195409 15507 141479 33990 60779 84070 136976 124155 145551 129577 180195 123471 83198 141565 129207 139126 190844 97463 47109 136953 110986 20421 79424 108218 88331 170063 12888
200
65537 65537 65537 131073 65537 131073 65537 131073 65537 131073 65537 65537 65537 131073 65537 65537 131073 131073 65537 65537 131073 65537 131073 131073 65537 131073 131073 131073 131073 131073 131073 65537 65537 65537 65537 65537 65537 65537 131073 65537 65537 131073 131073 131073 65537 131073 131073 131073 131073 65537 131073 65537 65537 131073 65537 65537 131073 131073 65537 65537 65537 65537 65537 131073 65537 65537 65537 131073 131073 131073 65537 65537 131073 65537 131073 131073 131073 65537 131073 65537 65537 65537 131073 65537 131073 65537 131073 65537 131073 131073 65537 65537 65537 65537 131073 131073 131073 65537 131073 65537 65537 65537 131073 65537 65537 65537 131073 131073 131073 131073 65537 65537 65537 65537 131073 131073 131073 65537 65537 65537 131073 65537 131073 131073 131073 131073 65537 65537 65537 65537 65537 131073 65537 65537 131073 131073 131073 65537 65537 131073 65537 65537 131073 131073 131073 65537 65537 131073 131073 131073 65537 131073 131073 131073 65537 131073 131073 65537 65537 131073 131073 131073 131073 65537 131073 131073 131073 65537 131073 131073 65537 131073 131073 65537 131073 65537 131073 65537 65537 65537 65537 131073 131073 65537 131073 65537 65537 131073 65537 65537 65537 131073 65537 65537 65537 131073 65537 131073 131073 131073
200
64872 40461 135323 132152 125374 168642 9743 103681 191430 89577 148145 18240 137199 74588 116426 184975 145750 129629 139958 35137 2516 122470 69029 85653 20154 148513 133862 115910 139927 95311 56833 102437 138499 53340 75698 119269 52869 16761 44188 87405 146203 174420 141928 79394 69725 44197 107904 73497 45467 183339 23129 25233 177815 130484 40153 152474 11978 182571 61212 142622 190575 144042 109176 166595 15301 131368 193738 152931 169634 120715 129530 17238 77906 38548 23400 101151 130507 147488 121276 63263 121475 166126 36602 132722 73033 116188 17583 162365 83857 134850 72165 20476 130029 77458 137827 63069 134766 8827 172076 21490 148823 118200 155182 56857 159874 159110 182138 168938 107748 166913 55285 76537 15186 65513 122719 119035 5559 57995 46976 136123 54249 18863 68469 113059 24119 65016 140228 117929 187779 136123 89744 135352 137007 174771 160911 96765 84092 11205 135382 183690 103554 33574 29301 156898 150092 2463 134932 101436 190059 143777 98289 130654 42489 8662 102027 132883 102260 198404 162336 58232 17264 70058 17851 97025 93401 88180 149083 94825 96720 12231 88243 4784 120214 114773 133086 199925 187215 7340 22532 57578 167033 32835 51146 55464 83552 36256 30412 98229 88751 160644 141548 109715 145903 20022 13333 152669 109908 119949 148540 132135
