995 467
957 446
904 449
966 458
924 468
913 406
979 420
992 461
943 430
950 416
975 416
936 430
961 495
903 413
991 421
913 415
987 487
930 480
905 433
992 467
931 408
985 497
978 453
972 451
938 478
907 411
954 480
967 451
973 451
900 459
902 404
934 459
960 457
941 439
956 446
958 454
959 411
986 444
909 428
981 434
960 499
991 488
980 457
987 433
950 474
960 455
983 475
952 434
976 483
913 464
901 484
956 462
931 410
927 421
942 478
931 478
911 449
984 492
937 472
1000 451
929 469
940 462
926 459
958 421
977 473
943 408
933 495
982 418
956 452
996 431
900 402
936 400
917 488
977 404
958 433
997 402
962 436
927 455
926 433
988 496
962 464
908 447
959 432
921 468
920 438
983 448
995 414
940 494
924 445
953 418
944 473
978 434
907 461
995 413
979 488
995 443
900 446
934 487
907 423
901 449
989 408
945 466
906 417
991 486
910 406
902 400
951 494
936 406
932 429
966 466
976 493
915 493
916 405
923 497
969 438
995 422
963 447
929 412
902 456
911 400
913 450
982 455
978 476
945 465
968 407
918 424
975 458
911 432
977 475
998 444
913 463
986 487
941 452
952 445
996 406
975 491
990 489
921 431
981 432
957 490
948 495
974 468
948 402
932 417
930 437
982 405
974 481
986 494
933 464
932 409
924 451
904 453
993 406
931 430
924 448
914 498
963 459
906 405
988 434
954 419
941 448
900 458
917 434
982 427
941 406
944 406
992 411
932 495
958 497
901 419
935 400
951 428
987 409
950 472
912 474
1000 479
917 487
938 434
979 477
968 441
970 478
960 488
947 406
992 482
967 412
914 467
932 404
939 491
999 466
940 428
962 401
992 416
922 464
956 469
960 446
950 488
983 425
981 475
961 404
989 403
929 495
986 460
942 438
930 439
994 448
930 406
930 461
997 428
966 482
942 484
993 401
997 427
914 478
986 465
920 443
987 441
970 493
976 446
972 492
980 440
925 444
977 423
933 438
908 487
969 463
955 463
922 438
910 436
928 473
917 440
916 407
944 413
954 401
999 408
949 403
932 465
956 460
916 453
910 441
984 433
938 413
903 494
994 492
913 456
959 408
935 474
990 447
942 435
959 449
906 500
939 492
908 450
944 488
954 427
939 433
941 447
954 450
996 476
901 427
978 475
903 468
905 402
937 457
909 454
920 452
968 438
940 495
910 493
960 453
962 444
987 485
959 482
980 459
984 495
966 407
980 483
966 441
924 448
992 461
919 471
927 481
916 499
909 484
943 435
943 489
954 468
928 454
972 439
996 433
919 422
915 431
970 431
906 412
926 491
954 430
968 467
939 415
913 407
998 472
940 419
965 427
908 417
995 410
998 422
962 452
905 497
991 443
996 476
934 413
966 474
917 448
927 436
965 438
945 424
971 461
954 487
970 483
989 401
978 498
906 496
958 442
905 404
976 454
999 484
952 445
983 483
947 435
914 461
992 464
989 450
990 441
910 468
994 410
917 439
911 480
906 460
958 452
981 454
912 416
942 401
933 430
922 481
906 424
952 431
948 409
906 403
939 474
942 462
903 419
952 484
915 434
941 480
956 405
970 400
905 463
995 428
950 401
938 456
959 470
964 409
956 470
918 491
951 420
903 444
994 469
960 421
938 429
949 466
978 464
997 478
926 461
939 498
958 434
921 458
978 400
964 441
940 494
947 481
928 430
958 452
941 409
999 492
969 470
937 426
961 450
933 463
924 429
988 467
924 494
993 486
963 481
920 459
999 459
953 437
924 426
903 456
985 489
979 437
987 440
944 428
941 482
958 433
929 456
934 420
968 435
964 484
900 408
962 431
981 494
996 422
956 500
944 410
974 407
955 441
974 480
953 411
906 446
968 473
916 435
983 440
988 435
953 437
933 423
992 455
955 446
919 407
952 474
911 416
947 480
911 475
956 441
900 491
974 403
976 403
904 419
991 456
955 466
941 405
939 420
960 489
919 462
976 474
937 445
983 439
957 459
949 444
996 432
988 410
926 401
931 489
955 470
959 412
987 496
963 442
947 485
944 435
948 470
930 443
944 427
984 445
920 467
968 494
952 461
964 451
900 482
971 498
975 480
944 463
943 494
975 487
979 475
946 471
950 456
915 446
964 499
995 413
963 444
958 441
965 454
904 451
952 414
994 497
971 473
938 435
988 476
942 478
932 405
914 415
975 404
1000 470
957 402
918 488
905 486
992 442
927 426
976 416
918 423
985 414
982 494
962 419
950 447
967 454
913 477
959 423
976 493
999 429
953 486
963 500
988 478
916 422
970 409
994 410
920 436
997 468
931 474
985 412
975 402
915 498
958 482
908 500
949 406
921 491
968 426
909 492
939 407
937 480
903 470
991 417
914 420
963 478
911 481
940 430
995 430
935 418
928 409
933 449
908 495
954 475
965 453
1000 490
954 420
936 466
906 466
938 416
922 407
973 415
947 441
934 463
924 482
908 438
961 462
984 490
958 432
990 404
917 404
981 442
937 447
926 459
933 482
917 410
999 458
990 450
983 465
950 435
947 418
921 415
900 409
952 427
924 489
927 406
913 492
946 443
999 489
978 443
989 464
967 414
972 435
920 478
984 427
950 491
979 418
987 447
937 456
979 412
945 443
951 491
906 410
936 495
946 427
973 436
964 492
920 446
994 472
905 475
980 457
919 480
966 461
917 493
902 429
907 499
965 432
917 404
947 448
983 452
905 434
946 434
905 458
945 416
907 402
908 467
938 484
971 424
911 400
922 404
960 434
907 423
988 468
945 437
932 474
995 499
933 492
973 487
982 454
922 466
907 423
920 496
914 410
952 438
901 492
910 407
919 489
907 444
988 495
962 462
980 448
900 484
957 473
933 400
930 422
976 433
922 468
927 426
992 436
991 473
979 496
909 457
999 416
906 488
963 434
937 480
933 463
973 411
927 445
939 429
979 414
910 439
969 432
990 473
907 433
966 404
926 447
951 400
998 488
966 475
926 467
922 434
974 450
977 486
974 455
923 477
986 412
989 436
945 444
905 407
963 416
988 438
969 407
975 442
930 469
903 404
961 485
902 444
946 456
921 485
955 473
984 422
990 455
951 403
981 429
922 487
990 411
968 425
999 457
945 437
978 461
974 483
915 476
976 452
964 423
998 400
981 465
976 434
996 418
945 406
934 463
935 497
958 444
945 483
997 488
982 441
971 400
963 491
959 472
952 427
926 423
922 491
931 416
980 405
922 439
908 468
918 494
977 475
956 447
940 438
918 448
995 497
916 442
906 496
934 420
998 448
927 415
914 484
934 454
982 451
903 489
975 495
996 484
949 490
945 489
980 466
999 440
956 437
965 416
981 438
960 434
932 452
925 401
901 412
941 486
919 444
941 454
915 451
917 423
972 463
933 417
988 478
962 491
949 461
942 416
947 419
979 413
989 490
928 449
918 479
940 408
991 408
989 407
945 437
934 407
964 425
948 408
964 419
961 484
983 430
903 414
962 437
947 446
934 473
937 424
940 422
986 404
917 430
922 493
965 435
972 420
931 487
968 438
936 496
973 480
914 426
959 438
996 409
951 495
902 494
953 473
913 428
981 489
910 485
937 461
972 484
958 413
952 435
926 463
990 473
974 496
984 457
908 469
999 463
981 471
933 473
951 413
935 474
953 491
989 487
967 422
911 459
996 432
937 436
966 450
937 473
989 453
941 447
970 404
901 443
975 498
994 461
997 450
906 437
906 495
994 427
948 440
989 472
930 466
907 419
971 400
989 493
972 481
951 484
939 491
948 463
935 481
927 459
951 409
985 427
916 487
918 484
953 494
999 484
971 473
904 466
914 475
934 430
949 473
930 442
915 462
905 420
938 424
975 433
963 483
925 404
941 491
914 445
916 468
901 475
928 466
941 478
935 482
913 470
938 498
902 483
970 496
926 493
940 476
960 408
954 491
965 416
964 424
939 407
902 461
991 443
967 426
913 485
986 481
913 487
978 416
928 436
937 415
929 470
928 400
986 482
950 462
967 465
994 439
922 403
911 456
919 449
1000 496
993 488
903 460
959 433
944 426
920 477
978 455
918 448
913 443
930 487
987 413
945 457
928 408
915 482
918 433
940 492
959 498
977 449
969 480
944 416
960 444
968 489
963 464
955 423
996 439
970 451
906 436
985 427
970 446
936 450
925 407
923 439
964 435
967 455
966 430
910 425
945 479
960 495
978 405
915 494
968 448
951 448
926 475
971 417
959 459
925 472
972 451
974 428
956 492
991 478
984 494
995 404
951 492
951 489
918 414
966 432
968 497
943 434
943 442
978 422
947 454
990 431
929 424
913 439
958 434
915 407
981 497
948 493
939 428
919 432
900 498
992 476
1000 459
981 493
931 484
906 427
906 422
996 423
952 440
973 432
966 450
921 498
933 467
936 413
942 463
907 429
995 409
984 495
936 458
930 449
944 476
914 416
964 407
922 477
988 414
927 425
978 488
976 489
941 498
911 436
933 415
922 424
943 485
