1000
1 2
2 3
1 4
2 5
4 6
3 7
4 8
6 9
3 10
3 11
7 12
1 13
2 14
7 15
6 16
16 17
16 18
16 19
10 20
12 21
15 22
12 23
12 24
9 25
3 26
2 27
20 28
3 29
11 30
7 31
27 32
8 33
19 34
6 35
25 36
29 37
7 38
13 39
8 40
35 41
24 42
7 43
34 44
36 45
17 46
11 47
8 48
5 49
12 50
9 51
26 52
37 53
23 54
21 55
15 56
5 57
44 58
32 59
58 60
35 61
1 62
35 63
27 64
7 65
20 66
31 67
40 68
60 69
52 70
21 71
46 72
53 73
16 74
15 75
29 76
4 77
65 78
22 79
34 80
8 81
60 82
56 83
72 84
2 85
22 86
75 87
59 88
75 89
15 90
53 91
28 92
59 93
10 94
1 95
19 96
47 97
70 98
48 99
44 100
96 101
43 102
83 103
8 104
65 105
20 106
56 107
59 108
17 109
45 110
29 111
69 112
66 113
84 114
91 115
104 116
69 117
90 118
25 119
74 120
75 121
56 122
50 123
42 124
32 125
113 126
106 127
3 128
32 129
96 130
94 131
53 132
77 133
3 134
63 135
50 136
93 137
41 138
72 139
30 140
40 141
36 142
128 143
78 144
77 145
99 146
123 147
12 148
129 149
81 150
27 151
112 152
143 153
63 154
135 155
80 156
141 157
147 158
26 159
99 160
144 161
20 162
31 163
34 164
24 165
44 166
51 167
14 168
112 169
73 170
3 171
159 172
21 173
96 174
131 175
32 176
39 177
53 178
98 179
129 180
165 181
135 182
58 183
14 184
48 185
32 186
70 187
105 188
8 189
58 190
47 191
188 192
64 193
34 194
99 195
98 196
141 197
181 198
137 199
129 200
183 201
19 202
137 203
8 204
13 205
99 206
59 207
141 208
119 209
205 210
167 211
203 212
177 213
183 214
69 215
175 216
127 217
119 218
176 219
51 220
184 221
59 222
80 223
4 224
151 225
171 226
76 227
102 228
31 229
49 230
72 231
197 232
132 233
56 234
172 235
230 236
138 237
86 238
64 239
166 240
172 241
93 242
153 243
224 244
119 245
179 246
168 247
126 248
83 249
101 250
234 251
87 252
59 253
18 254
170 255
119 256
123 257
142 258
235 259
128 260
71 261
111 262
118 263
147 264
17 265
80 266
231 267
263 268
237 269
38 270
88 271
234 272
208 273
83 274
137 275
46 276
121 277
228 278
170 279
94 280
112 281
93 282
261 283
5 284
45 285
15 286
133 287
28 288
51 289
143 290
1 291
138 292
196 293
245 294
154 295
197 296
256 297
150 298
130 299
282 300
232 301
34 302
238 303
198 304
260 305
236 306
228 307
113 308
45 309
234 310
55 311
230 312
171 313
179 314
54 315
54 316
24 317
301 318
204 319
23 320
219 321
178 322
315 323
295 324
109 325
276 326
279 327
123 328
145 329
138 330
288 331
170 332
265 333
286 334
264 335
120 336
148 337
152 338
123 339
99 340
147 341
23 342
243 343
91 344
6 345
73 346
114 347
104 348
254 349
175 350
141 351
221 352
134 353
254 354
72 355
212 356
291 357
136 358
252 359
217 360
179 361
271 362
147 363
184 364
239 365
173 366
220 367
143 368
309 369
74 370
364 371
353 372
60 373
81 374
175 375
247 376
132 377
225 378
250 379
172 380
66 381
98 382
89 383
1 384
90 385
85 386
249 387
151 388
211 389
201 390
212 391
297 392
180 393
159 394
377 395
212 396
321 397
397 398
87 399
330 400
17 401
398 402
57 403
31 404
85 405
360 406
213 407
91 408
216 409
7 410
235 411
215 412
2 413
283 414
43 415
231 416
103 417
14 418
320 419
125 420
159 421
172 422
248 423
293 424
84 425
331 426
155 427
378 428
164 429
67 430
90 431
84 432
314 433
1 434
324 435
340 436
282 437
215 438
407 439
179 440
142 441
272 442
188 443
315 444
399 445
219 446
424 447
103 448
51 449
274 450
280 451
357 452
211 453
187 454
262 455
415 456
9 457
146 458
357 459
289 460
136 461
130 462
370 463
228 464
269 465
446 466
398 467
249 468
97 469
433 470
55 471
311 472
414 473
280 474
282 475
149 476
180 477
100 478
185 479
80 480
66 481
424 482
123 483
179 484
144 485
237 486
388 487
39 488
435 489
158 490
189 491
13 492
324 493
274 494
114 495
245 496
408 497
392 498
321 499
161 500
482 501
309 502
275 503
266 504
304 505
306 506
399 507
361 508
406 509
13 510
336 511
331 512
209 513
247 514
156 515
197 516
16 517
434 518
189 519
370 520
485 521
514 522
160 523
76 524
212 525
236 526
168 527
146 528
8 529
244 530
360 531
62 532
163 533
415 534
332 535
535 536
136 537
250 538
323 539
339 540
344 541
468 542
474 543
131 544
119 545
129 546
478 547
48 548
40 549
451 550
411 551
97 552
71 553
394 554
442 555
411 556
99 557
242 558
181 559
4 560
52 561
57 562
225 563
311 564
69 565
529 566
466 567
65 568
167 569
30 570
181 571
363 572
567 573
422 574
268 575
127 576
416 577
528 578
393 579
568 580
526 581
43 582
321 583
519 584
189 585
384 586
409 587
230 588
275 589
551 590
16 591
575 592
394 593
217 594
514 595
518 596
151 597
416 598
81 599
479 600
306 601
299 602
591 603
548 604
209 605
177 606
547 607
133 608
530 609
132 610
234 611
218 612
99 613
564 614
334 615
502 616
280 617
326 618
54 619
538 620
6 621
343 622
47 623
551 624
352 625
32 626
477 627
77 628
122 629
481 630
429 631
616 632
543 633
383 634
447 635
147 636
372 637
436 638
417 639
94 640
365 641
640 642
156 643
79 644
602 645
13 646
603 647
114 648
19 649
421 650
155 651
508 652
262 653
328 654
373 655
258 656
409 657
627 658
420 659
391 660
30 661
146 662
420 663
602 664
383 665
358 666
148 667
163 668
171 669
421 670
277 671
234 672
68 673
524 674
658 675
588 676
257 677
169 678
610 679
286 680
577 681
171 682
545 683
298 684
12 685
232 686
626 687
610 688
508 689
684 690
283 691
354 692
493 693
24 694
260 695
552 696
373 697
511 698
487 699
673 700
54 701
528 702
394 703
11 704
557 705
328 706
626 707
143 708
367 709
614 710
260 711
327 712
6 713
17 714
161 715
705 716
84 717
649 718
637 719
379 720
109 721
410 722
76 723
711 724
257 725
608 726
638 727
454 728
620 729
65 730
580 731
382 732
519 733
125 734
642 735
621 736
686 737
259 738
165 739
203 740
237 741
658 742
27 743
102 744
83 745
688 746
344 747
599 748
192 749
408 750
10 751
397 752
749 753
132 754
645 755
140 756
67 757
722 758
298 759
207 760
561 761
290 762
746 763
140 764
581 765
240 766
387 767
734 768
729 769
272 770
630 771
494 772
25 773
579 774
513 775
732 776
587 777
175 778
686 779
79 780
715 781
433 782
95 783
547 784
74 785
214 786
125 787
634 788
731 789
512 790
250 791
669 792
488 793
752 794
64 795
467 796
43 797
19 798
146 799
38 800
658 801
401 802
761 803
245 804
599 805
152 806
473 807
8 808
221 809
657 810
384 811
671 812
317 813
729 814
168 815
188 816
813 817
321 818
290 819
610 820
3 821
551 822
303 823
241 824
384 825
512 826
80 827
223 828
113 829
727 830
569 831
669 832
624 833
559 834
386 835
35 836
193 837
334 838
425 839
256 840
587 841
627 842
224 843
664 844
775 845
135 846
435 847
612 848
238 849
432 850
332 851
38 852
844 853
9 854
843 855
202 856
375 857
757 858
225 859
343 860
37 861
663 862
484 863
493 864
63 865
507 866
132 867
834 868
3 869
370 870
446 871
115 872
9 873
45 874
19 875
21 876
73 877
664 878
774 879
427 880
81 881
571 882
712 883
81 884
732 885
815 886
869 887
72 888
629 889
283 890
313 891
710 892
277 893
672 894
76 895
224 896
391 897
40 898
333 899
305 900
590 901
723 902
324 903
757 904
548 905
706 906
151 907
403 908
402 909
359 910
300 911
54 912
853 913
689 914
906 915
51 916
602 917
182 918
401 919
336 920
534 921
249 922
222 923
171 924
221 925
104 926
444 927
435 928
204 929
384 930
846 931
615 932
401 933
429 934
931 935
748 936
37 937
287 938
919 939
665 940
393 941
728 942
845 943
12 944
687 945
761 946
634 947
548 948
22 949
653 950
822 951
336 952
810 953
743 954
684 955
657 956
389 957
673 958
364 959
953 960
189 961
357 962
116 963
926 964
40 965
828 966
344 967
612 968
963 969
853 970
23 971
341 972
419 973
537 974
724 975
945 976
81 977
172 978
645 979
710 980
325 981
66 982
604 983
870 984
399 985
747 986
530 987
589 988
424 989
530 990
544 991
383 992
454 993
885 994
280 995
380 996
752 997
390 998
361 999
674 1000